601318
600016
601166
600036
601328
600519
600000
000002
600030
600837
601288
600887
601398
601169
000333
600900
601668
000651
601601
601766
600104
601988
000858
000001
600048
601818
600276
601688
601989
000725
600015
600028
600518
000776
600999
002415
002450
300104
600958
002304
300059
002736
601939
002024
601009
601390
000166
000625
601006
000538
601377
001979
600050
600795
601857
000783
300017
601628
000063
002673
002739
601336
601899
600547
600690
002594
600585
600011
601985
000423
002142
600066
600637
601186
000503
600029
601088
601901
600111
601555
300070
600010
600100
600570
600893
601099
600009
600115
601211
002230
300024
600271
600535
600705
000100
600489
600703
000895
002202
300027
600019
600196
600886
601669
000768
000839
002241
600089
600109
601607
601727
000069
000568
002456
600177
600340
600660
600804
601198
601888
000009
000413
000728
002236
600023
600352
600383
600406
600649
600867
601111
000338
002252
600369
600674
600741
601600
000793
300315
600031
600221
600309
600485
601788
601919
000917
002008
002465
600068
600118
600153
600739
601018
601933
000157
000540
000623
600061
601618
601998
000630
000686
000876
002007
002475
300124
600018
600085
600415
600718
000060
000559
000963
002385
300003
300168
600583
600588
600663
600816
600839
601800
000046
000402
000826
002065
002081
002183
002292
002500
600150
600398
600446
603993
000750
000792
300015
600074
600157
600208
600820
000977
002470
300058
300144
600060
600256
600332
600642
600895
601106
601333
000415
000425
002422
600027
600688
601098
601633
601718
601866
000709
000738
002152
300002
600170
600252
600362
600373
600737
600873
600875
601021
601258
601991
002129
600037
600376
601117
601225
601872
603000
000039
000061
000729
000778
000999
300133
600372
600704
601179
601898
601992
000883
002027
002146
300146
300251
600008
600021
600038
600827
601216
000712
000800
002195
002294
600863
000027
000156
000825
000898
002153
002424
300085
600582
600600
600666
600959
601928
601958
600317
600648
600685
600871
600998
601118
601608
601808
002399
600098
600578
600783
002568
600022
600188
603885
600606
601016
